1.705302565824240446e-13
2.340044131955834883e-01
3.263609072752157725e-01
8.444223166968640726e-01
1.564665129828853640e+00
1.616392999989978652e+00
2.075139400544145474e+00
2.998920949982912365e+00
3.022778699441329042e+00
3.923510471582943637e+00
5.322503835178963527e+00
7.214454793342184757e+00
8.001862418794360110e+00
9.623245105367232100e+00
1.004398754956178941e+01
1.017507515617698211e+01
1.037192739894629767e+01
1.166917826328671026e+01
1.214140563435216791e+01
1.268946730666067779e+01
1.272251157984293535e+01
1.316346767784582994e+01
1.348471604741400043e+01
1.353959004067688099e+01
1.366263361511178154e+01
1.410925926804710429e+01
1.419811106730619876e+01
1.453545231219237621e+01
1.474198065498691967e+01
1.477405159581410210e+01
1.489842268555781146e+01
1.521550557879285748e+01
1.561870345073828048e+01
1.585388337351238341e+01
1.586037732825488611e+01
1.632271662104184884e+01
1.665709648344307325e+01
1.682510258468830955e+01
1.688698065969390072e+01
1.709573058000827928e+01
1.789239898539833717e+01
1.805089848366470662e+01
1.837091568744452275e+01
1.911735370973048020e+01
1.935994387177106901e+01
1.938770583582544660e+01
1.953970538841965876e+01
1.967162103541058826e+01
1.979568725077347935e+01
2.006154877469012376e+01
2.039796909519208157e+01
2.063313894710657337e+01
2.105194754171367322e+01
2.121906589553728395e+01
2.133303533762415682e+01
2.144967800456814544e+01
2.154773190401032323e+01
2.169633908496657426e+01
2.207971027110838236e+01
2.226042003198926977e+01
2.258417028079784927e+01
2.274155667439206852e+01
2.305287404557635966e+01
2.312658499502649434e+01
2.327530727718113113e+01
2.392122997267424012e+01
2.409939926168267021e+01
2.423571715800556703e+01
2.459343604969535590e+01
2.493938276040012170e+01
2.527552149874060206e+01
2.552848897885355228e+01
2.568421918107866020e+01
2.627869777016428543e+01
2.633482581623942664e+01
2.642482536898959822e+01
2.649285950212980723e+01
2.670262529583325772e+01
2.692347586001706006e+01
2.702789569012472981e+01
2.715028300062612132e+01
2.737476104555614143e+01
2.770272922458899245e+01
2.773892027766154555e+01
2.781194177729981121e+01
2.814077932192578402e+01
2.827380736529741867e+01
2.854162962387076163e+01
2.875515550318639058e+01
2.881859867163093725e+01
2.883591826226523835e+01
2.893888074866292470e+01
2.927833452397764091e+01
2.938392885974918656e+01
2.963079944166036483e+01
2.966905595101929904e+01
2.975288666317690200e+01
2.985834539423494860e+01
3.010243116210099856e+01
3.033288463034449833e+01
3.048127770818623006e+01
3.076083665012222923e+01
3.099575904569309159e+01
3.156396012255290984e+01
3.160331757853056089e+01
3.179859346024665001e+01
3.200095324421855025e+01
3.236635775539143367e+01
3.241974288481588928e+01
3.251975404176901208e+01
3.266989000754779937e+01
3.283224026271525986e+01
3.316215293292782462e+01
3.339228466763564995e+01
3.348865731681869562e+01
3.363185171697254816e+01
3.367688100644063809e+01
3.371471661556053334e+01
3.386606710996447589e+01
3.394327795057987629e+01
3.414697138164429902e+01
3.425264448125791006e+01
3.443468482037832246e+01
3.449629437416688660e+01
3.472105239235227003e+01
3.477952196324428513e+01
3.485628660234856113e+01
3.498047148326968170e+01
3.517028445354750232e+01
3.529762220388886362e+01
3.541086209850540456e+01
3.548952702595280329e+01
3.559832710570954362e+01
3.585603905019140569e+01
3.588078312990664642e+01
3.599773975852203023e+01
3.607676652433009679e+01
3.622209768589853951e+01
3.629255349627423755e+01
3.635809030027868971e+01
3.637017017736647517e+01
3.640881008159554710e+01
3.642844725633586478e+01
3.647175758973985182e+01
3.672595100818919889e+01
3.685177293936931164e+01
3.688343678344107701e+01
3.694816688869451582e+01
3.704332949294715860e+01
3.706676192787581670e+01
3.727314311263005919e+01
3.737268272235148459e+01
3.746912392279379844e+01
3.756243224208072462e+01
3.758488634843472909e+01
3.772060810486465954e+01
3.773179038106843564e+01
3.775384857590946552e+01
3.779230282572086708e+01
3.787228764806155823e+01
3.795385548267957176e+01
3.806256532953666039e+01
3.809304368022493748e+01
3.827879201183844771e+01
3.840910079272399003e+01
3.851756818631710644e+01
3.866686926312021200e+01
3.872925597274497278e+01
3.881234847908697816e+01
3.885689272342397516e+01
3.894846731744891599e+01
3.899648810680960054e+01
3.906550045014363803e+01
3.908954059614279686e+01
3.934158503273990704e+01
3.934916581039071559e+01
3.945858834170280005e+01
3.959435167301946734e+01
3.974324322181874436e+01
3.979927266324875035e+01
3.992150963921608309e+01
4.010455236058331963e+01
4.015170451787509620e+01
4.021622090067538835e+01
4.029099637575090043e+01
4.050197790410796728e+01
4.056897823170953643e+01
4.062749746131024864e+01
4.068762334377278478e+01
4.076301021028673688e+01
4.078800058308826237e+01
4.092477149530087388e+01
4.099043600639801355e+01
4.107262037673467603e+01
4.112795869991043674e+01
4.126720876666237103e+01
4.133753363247156187e+01
4.138780626421530684e+01
4.140977121709122599e+01
4.148894058946134322e+01
4.151080025585184075e+01
4.156099237683895353e+01
4.170704676763501340e+01
4.181292041134894077e+01
4.192420439072332528e+01
4.211598346760024469e+01
4.215723034121008794e+01
4.225921287329661169e+01
4.228646797673923174e+01
4.237475972113224998e+01
4.241607683923598415e+01
4.246706746797961785e+01
4.252285329445901851e+01
4.269303558184137870e+01
4.271171893110734175e+01
4.282482439233768901e+01
4.287204524186851984e+01
4.289830321850548245e+01
4.295929180957971738e+01
4.301243642216876850e+01
4.307943017093877103e+01
4.314235417695812203e+01
4.318382656382206619e+01
4.328576492002022036e+01
4.331620513392401506e+01
4.332778176551060056e+01
4.338572940007822609e+01
4.359453773592085923e+01
4.360374402919365622e+01
4.366196780459521420e+01
4.372571023695007142e+01
4.373798641956437194e+01
4.382224760393781793e+01
4.387851323628664346e+01
4.391016639894494489e+01
4.394063646857451033e+01
4.399963197788433433e+01
4.404783193816815157e+01
4.410759860656452247e+01
4.413322141241518892e+01
4.419230699844757737e+01
4.420883182868943351e+01
4.421573672450899295e+01
4.428649698085476416e+01
4.431693466337770104e+01
4.434494871814322892e+01
4.439404962662883491e+01
4.444507791279458075e+01
4.448187552365017439e+01
4.451175890978870342e+01
4.453491448370371586e+01
4.454144030349088013e+01
4.457253147638664359e+01
4.464041854275247090e+01
4.467992664004238890e+01
4.468888440954431474e+01
4.473892635489256975e+01
4.476785931645483174e+01
4.480859054839068278e+01
4.483589693783702046e+01
4.487926923086411080e+01
4.493735950316307282e+01
4.495732681967966471e+01
4.497799851362223933e+01
4.502340392174788519e+01
4.505200145430401193e+01
4.510517650076398866e+01
4.519405104137845086e+01
4.525252195388731025e+01
4.530076792443223610e+01
4.534400554474121492e+01
4.534596022388639369e+01
4.536032603054731993e+01
4.541831517329696766e+01
4.546915959901131288e+01
4.547668083420268204e+01
4.553127704197794401e+01
4.560279457047600005e+01
4.564511503640731860e+01
4.565217768437189250e+01
4.565792536488361009e+01
4.575373809801819647e+01
4.578007403735569625e+01
4.589626733087290944e+01
4.591212621424731566e+01
4.597322202590972751e+01
4.599911434377986552e+01
4.602300231933778463e+01
4.605122715609272177e+01
4.606281653212718652e+01
4.606939393294095453e+01
4.612207915151168436e+01
4.615628910625302694e+01
4.623860059329415861e+01
4.630984199440888460e+01
4.635867093351707524e+01
4.637672872555020120e+01
4.641682757066639198e+01
4.647880864287785840e+01
4.651921833914543214e+01
4.655909932612193813e+01
4.657965932122466768e+01
4.663562318426482989e+01
4.669006802948480583e+01
4.680496235614099021e+01
4.687922322317752588e+01
4.689092663974731323e+01
4.692962181809992472e+01
4.698173862453440108e+01
4.699788029287465463e+01
4.700862847577270287e+01
4.704855432271676818e+01
4.705422509730981773e+01
4.709318785317540801e+01
4.714485784151339942e+01
4.720472275378382676e+01
4.724027792701822648e+01
4.727151414642030858e+01
4.730631730229340803e+01
4.732119201368035277e+01
4.735353148908773591e+01
4.738201461437225248e+01
4.742546782950159212e+01
4.745322587835204331e+01
4.747685929434509688e+01
4.756165162831089788e+01
4.758815413456321153e+01
4.759058987666431051e+01
4.761732033689882115e+01
4.764620062750350371e+01
4.768466803705661050e+01
4.770888210106404870e+01
4.775620295724345254e+01
4.777391657795278945e+01
4.781856450692376370e+01
4.784751154493561387e+01
4.787632249720061850e+01
4.789786697579964425e+01
4.790213753225147997e+01
4.794318951540533646e+01
4.797103463523225031e+01
4.798458575623945421e+01
4.802123445688653192e+01
4.803075901223779454e+01
4.803282105102255173e+01
4.811233023657626973e+01
4.819909827502318933e+01
4.823232894835893347e+01
4.828376130523910348e+01
4.829293067554512930e+01
4.838116658621513722e+01
4.840533183612944867e+01
4.847731503380335738e+01
4.851681475499205476e+01
4.861423543572133354e+01
4.864767497149299658e+01
4.873537588346086835e+01
4.881434409971515009e+01
4.885901622545961231e+01
4.893376703997937227e+01
4.896062901281069912e+01
4.903812253315746261e+01
4.908723121527084743e+01
4.916994209410799499e+01
4.923425949069471130e+01
4.930270313399180537e+01
4.932054194027525540e+01
4.943984783847379560e+01
4.955618558191527967e+01
4.963328333768723866e+01
4.964871677256088844e+01
4.968265134546417272e+01
4.969862779605799119e+01
4.977195806696753522e+01
4.977487343201717351e+01
4.979916080344982987e+01
4.993826768365218527e+01
5.011139077620715199e+01
5.016325901329081915e+01
5.019878881066779286e+01
5.023690650987366269e+01
5.028734901277852032e+01
5.034850140189804790e+01
5.045110351361954315e+01
5.046075847425233718e+01
5.053050185498648261e+01
5.057319576132483263e+01
5.066088796449537313e+01
5.071028752957588637e+01
5.087336543821432855e+01
5.088655936996923401e+01
5.091496115276794399e+01
5.102315831666614088e+01
5.114102986931392536e+01
5.124087016745396284e+01
5.125369299388712818e+01
5.128127145294029532e+01
5.133145845618341951e+01
5.144741382222553483e+01
5.157649257393718045e+01
5.173236049695236716e+01
5.203012761746830961e+01
5.226214438283206931e+01
5.230068154101537914e+01
5.242548965538371419e+01
5.248832486771631523e+01
5.269415907086829520e+01
5.295743417587439694e+01
5.309635033466778964e+01
5.327569862887838781e+01
5.354045938890905632e+01
5.373722256994489044e+01
5.408653194027125721e+01
5.415713955261490753e+01
5.446967989907650320e+01
5.455609508434416455e+01
5.471307755529215200e+01
5.482007537784906503e+01
5.547167448827923408e+01
5.562270616937996692e+01
5.663387525765932651e+01
5.737730189629110100e+01
5.783072257132721461e+01
5.828117039321938364e+01
5.866268530229973521e+01
5.905311966074296492e+01
5.925651584751163625e+01
5.928836789381083605e+01
5.955801403022584850e+01
5.978154082771524713e+01
6.022840908587478737e+01
6.050428916472584717e+01
6.092030396513933965e+01
6.103493961384965871e+01
6.148793110204175605e+01
6.166702537610130719e+01
6.209898503147209681e+01
6.233712288844412797e+01
6.277896177318284288e+01
6.348465224876262880e+01
6.389824032631223361e+01
6.415988871464979582e+01
6.492564990755980148e+01
6.549761237561840233e+01
6.593395822381840787e+01
6.637140599820436648e+01
6.707668035641427196e+01
6.722031703438494787e+01
6.735909508413770652e+01
6.810298398542694542e+01
6.831673375085698297e+01
6.858495145267124826e+01
6.878096358915068720e+01
6.894209709230273120e+01
7.005278886555218776e+01
7.038880796695589481e+01
7.104615445174241017e+01
7.143551214620093504e+01
7.230596095977375626e+01
7.302654854296186215e+01
7.371201516035645795e+01
7.493158632000606190e+01
7.614499190364567482e+01
7.677586150913323593e+01
7.789200512703256152e+01
7.916592252605528302e+01
8.009370127258247862e+01
8.074674372348349038e+01
8.243573576663753499e+01
8.339172886445170718e+01
8.389986567842983334e+01
8.582505903556869953e+01
8.711812135427211956e+01
8.749848502090449642e+01
8.842084610931317457e+01
8.855493648390331884e+01
9.068406310203251053e+01
9.089195114924210372e+01
9.192336639628689454e+01
9.230532469990357924e+01
9.331945846761341556e+01
9.368303051627931666e+01
9.401331413717838359e+01
9.438910233416552842e+01
9.468204070044274090e+01
9.568530958238571316e+01
9.656917144503417205e+01
9.702241927923587639e+01
9.746667188733250953e+01
9.815428395397368888e+01
9.864882391039780885e+01
9.962030759808533276e+01
9.976621440683499031e+01
1.000978039898706839e+02
1.005123275757287047e+02
1.012033198254715103e+02
1.021424125528403692e+02
1.047966256831662406e+02
1.056195223122804236e+02
1.056898153202914727e+02
1.061520262158936703e+02
1.070027304386491522e+02
1.081439215295298197e+02
1.082962559086679875e+02
1.092929510959723132e+02
1.099141658955847873e+02
1.103758197254137343e+02
1.113490031568693155e+02
1.115454791456829611e+02
1.129447478013075710e+02
1.130928915785802218e+02
1.134259750748766322e+02
1.137628107947879670e+02
1.145889785665553120e+02
1.150261662273864687e+02
1.158329921530369546e+02
1.167956242336338164e+02
1.180285913788656273e+02
1.182424052216671413e+02
1.191174755730913546e+02
1.205730195156036615e+02
1.217289581587261154e+02
1.221541542887714940e+02
1.232153191341461707e+02
1.242703532259109522e+02
1.261833966941708809e+02
1.275520483775976288e+02
1.277192934827920681e+02
1.288136796028489357e+02
1.292582834823356279e+02
1.314609427048284829e+02
1.323085632505553804e+02
1.328878566820089020e+02
1.341774073467587982e+02
1.354471171850022131e+02
1.368475375033622186e+02
1.372687725468248345e+02
1.382670874390098561e+02
1.385048575495566752e+02
1.387649624383490448e+02
1.388609745441038967e+02
1.388903819883312565e+02
1.399573607607153463e+02
1.404975068605518231e+02
1.406842192228039607e+02
1.415364181450449337e+02
1.421596180808062968e+02
1.424245364537198384e+02
1.428255758866676786e+02
1.432663209171188896e+02
1.435019355375320913e+02
1.436987401438346410e+02
1.440241477346359602e+02
1.442425685268643463e+02
1.449744168296393241e+02
1.469901481253608040e+02
1.480180066864605806e+02
1.490567489467329381e+02
1.494612300893543022e+02
1.497374669523904060e+02
1.503172357357437647e+02
1.504320920276457798e+02
1.506110770432208028e+02
1.510551708428416759e+02
1.512880818837147388e+02
1.516881500881321472e+02
1.520563471971816512e+02
1.521394905334764189e+02
1.524926135446902151e+02
1.525448411531781119e+02
1.526341597908773622e+02
1.531189608110506981e+02
1.537523177400764780e+02
1.539479830612512501e+02
1.541145451743541344e+02
1.542580521710175105e+02
1.545771439225992765e+02
1.546516501940076012e+02
1.550535465426155781e+02
1.552465134039785823e+02
1.557527302733725492e+02
1.561596278013804238e+02
1.568141440807602578e+02
1.569815233704775892e+02
1.574309705509229786e+02
1.577540763198566651e+02
1.581285239451760276e+02
1.583776684425486962e+02
1.584923027151502879e+02
1.592785389791263242e+02
1.595203646449617452e+02
1.598641359409773202e+02
1.605981664160035791e+02
1.613726576311406689e+02
1.618970697611030687e+02
1.627710988567094432e+02
1.634092162053319726e+02
1.638679398811733563e+02
1.641491640714881441e+02
1.643461892985252462e+02
1.644331050496411990e+02
1.646619737466505171e+02
1.648248389969279799e+02
1.652717746636464824e+02
1.655922604958067552e+02
1.657378466336750762e+02
1.658602945876086778e+02
1.660094227252950532e+02
1.660814328217225011e+02
1.662555096725242549e+02
1.663924323237387455e+02
1.664348780655780615e+02
1.666677302278725676e+02
1.668905053790596469e+02
1.671951686007939486e+02
1.673069212615892525e+02
1.674901398360398730e+02
1.677312057607747136e+02
1.678088942686135852e+02
1.679207154563855227e+02
1.679567979387281298e+02
1.680837710966777081e+02
1.684862352682017956e+02
1.685497518723310293e+02
1.686560663561841693e+02
1.688469069942768215e+02
1.688838250041168010e+02
1.691819381129957947e+02
1.693716287024201392e+02
1.695415520595555563e+02
1.696308561795456740e+02
1.698328993073714912e+02
1.699185004788163837e+02
1.703719043776688693e+02
1.705373039582683532e+02
1.706175468287069066e+02
1.707301348975673250e+02
1.708444938782978113e+02
1.711821292434311204e+02
1.713679308459154242e+02
1.714707890755300355e+02
1.717148348592917273e+02
1.718778062525717303e+02
1.719189490771722433e+02
1.720808968165926558e+02
1.722199953109239345e+02
1.723711434176812531e+02
1.725308336946370105e+02
1.725616358929386536e+02
1.727847400661356403e+02
1.729043267902246441e+02
1.730180815706980013e+02
1.731203137632985829e+02
1.733587149054766599e+02
1.735604742710514188e+02
1.736964939962982157e+02
1.738939140195327866e+02
1.739747317650884213e+02
1.740543639467128401e+02
1.741970489502482167e+02
1.742375802019409718e+02
1.743622475196301309e+02
1.744177955855511470e+02
1.744260879134163247e+02
1.745552259620612290e+02
1.746045608132115774e+02
1.746572887654946555e+02
1.747182509901494996e+02
1.747994122719693166e+02
1.748184692144862993e+02
1.748968363747159174e+02
1.751257355717301323e+02
1.751566557850499919e+02
1.751970730171113360e+02
1.752805608468590322e+02
1.753375208715618498e+02
1.753798265033636312e+02
1.754634046970153065e+02
1.755302685009123707e+02
1.755820212947763821e+02
1.756228081500222231e+02
1.757611778095507873e+02
1.758150522973187435e+02
1.758442393775407595e+02
1.759085351352072166e+02
1.760131428126155129e+02
1.760705839576255016e+02
1.761072079906174110e+02
1.761166240207352303e+02
1.761711357332248724e+02
1.761882044971387131e+02
1.762853756506074205e+02
1.763159657474800497e+02
1.763503203301291649e+02
1.764077038623484270e+02
1.764543575732058116e+02
1.766077402694874650e+02
1.767316042383359900e+02
1.767925041729149598e+02
1.768874176355597569e+02
1.769017908821245157e+02
1.771293077820669453e+02
1.771783758421899790e+02
1.773319416585129318e+02
1.773757176377864084e+02
1.775008781638445612e+02
1.775208158857744820e+02
1.776921294816579859e+02
1.778108856476571020e+02
1.779084521509045658e+02
1.779489432230700743e+02
1.779990175577298146e+02
1.780978007435177233e+02
1.781939768668615898e+02
1.783445487987397655e+02
1.784349332948178528e+02
1.785446991540458725e+02
1.786411234175728850e+02
1.788771971724744105e+02
1.789138605486117228e+02
1.790472102969500554e+02
1.790789784422980233e+02
1.791074176937314633e+02
1.791400327662745440e+02
1.793327520370409900e+02
1.793451510784154550e+02
1.793665737807080802e+02
1.793822170126141771e+02
1.794477337919852289e+02
1.796307213212816691e+02
1.796682584657844188e+02
1.798079121464790830e+02
1.798962399309351667e+02
1.799820098974747395e+02
1.800680894480906034e+02
1.801029687206559800e+02
1.801525115454558090e+02
1.802053714135417977e+02
1.802690131236589082e+02
1.803453280116949600e+02
1.804466200832680158e+02
1.805076209607904332e+02
1.805979675697706170e+02
1.806682968458956680e+02
1.807576384224719845e+02
1.808069065171101784e+02
1.809039119291398663e+02
1.810897962646909320e+02
1.811690141574931374e+02
1.812893122960760763e+02
1.814333860209608531e+02
1.816906926997978076e+02
1.818186703540992539e+02
1.818648517705879328e+02
1.819714795366173519e+02
1.820061558133166670e+02
1.820160956529862517e+02
1.821166922212136683e+02
1.821419137884490738e+02
1.821845324028864752e+02
1.822101212024186054e+02
1.822351157036348752e+02
1.823098829319681613e+02
1.823844312671133707e+02
1.825122787801390984e+02
1.826133575541323921e+02
1.826555047188249148e+02
1.826987110685071229e+02
1.827226151991727647e+02
1.827795457972378586e+02
1.828498543638211800e+02
1.829464321454328228e+02
1.830402436115873002e+02
1.831597405936128951e+02
1.831845864418253598e+02
1.832249027852611789e+02
1.833410257130782668e+02
1.833666592670596174e+02
1.834949027219229833e+02
1.835282742200311361e+02
1.835886152452549425e+02
1.836526165832481752e+02
1.837021156233447527e+02
1.837766106650967970e+02
1.838078459951228183e+02
1.838877459931370026e+02
1.839922479590001672e+02
1.840160707631101502e+02
1.840379318264926667e+02
1.840778631366370917e+02
1.841019824627706782e+02
1.841838606367393822e+02
1.842364918025433553e+02
1.843057367134466062e+02
1.843735946618652690e+02
1.844112898743320272e+02
1.844428847623696583e+02
1.845136767368129824e+02
1.845309776108746007e+02
1.845880483633105769e+02
1.846104106811218912e+02
1.846178855755017594e+02
1.846626153472923875e+02
1.846783292036833473e+02
1.847397214858191319e+02
1.847699327182344007e+02
1.847838483171874486e+02
1.849039201826430485e+02
1.849333123145358115e+02
1.849421579698048674e+02
1.849777193904803312e+02
1.850288749565156934e+02
1.850334877263204589e+02
1.850890598807827132e+02
1.851283045273589210e+02
1.851537375361707518e+02
1.852148003100950291e+02
1.853113498421595011e+02
1.853957753670720194e+02
1.854673764688297410e+02
1.855213510970435209e+02
1.856081479677317247e+02
1.856372787338945614e+02
1.857076064868618914e+02
1.858054282475468426e+02
1.858182133338330857e+02
1.858842379067026798e+02
1.859379087467342515e+02
1.860031710750070886e+02
1.861058042774942010e+02
1.861304068894808950e+02
1.861833054012402897e+02
1.862834310874077346e+02
1.863473444373726409e+02
1.863877797777238072e+02
1.864449850952348697e+02
1.864645587127189401e+02
1.864972596132377305e+02
1.865706266841827983e+02
1.866364166392935147e+02
1.866597406959328396e+02
1.867847696508766830e+02
1.868246515702152521e+02
1.868722274403010033e+02
1.869463115759034224e+02
1.869583719219185696e+02
1.869973306000611046e+02
1.870433427799096648e+02
1.870826056101690540e+02
1.871395762330938339e+02
1.871584863605156670e+02
1.872045084804388182e+02
1.872231519869738463e+02
1.872687038188669248e+02
1.872953753266190517e+02
1.873029899354532972e+02
1.873469597099505108e+02
1.874040748967608749e+02
1.874216657412170832e+02
1.874435816253644020e+02
1.874919215758937128e+02
1.875371443589702380e+02
1.875679912004231085e+02
1.875926027556370457e+02
1.876606940131890155e+02
1.876907914807080431e+02
1.877280975144767865e+02
